{
 "cells": [
  {
   "cell_type": "code",
   "execution_count": 12,
   "metadata": {},
   "outputs": [],
   "source": [
    "include(\"../src/HDC.jl\")\n",
    "include(\"../src/math.jl\")\n",
    "include(\"../src/experimental.jl\")\n",
    "using MLJ\n",
    "using MLDataPattern\n",
    "using DataFrames\n",
    "using XGBoost\n",
    "using MLJXGBoostInterface\n",
    "using Plots\n",
    "using MultivariateStats\n",
    "using MLJBase\n",
    "using Printf\n",
    "using UMAP\n",
    "using ThreadSafeDicts\n",
    "using MLJ\n",
    "using Printf\n",
    "using CategoricalArrays\n",
    "using BioAlignments"
   ]
  },
  {
   "cell_type": "code",
   "execution_count": 16,
   "metadata": {},
   "outputs": [
    {
     "data": {
      "text/plain": [
       "\"/home/mfat/Master-Thesis/thesis/Fig/random.png\""
      ]
     },
     "metadata": {},
     "output_type": "display_data"
    }
   ],
   "source": [
    "a= norm_grant\n",
    "b = [0.0 0.4985 0.491 0.4958 0.5012 0.4979 0.4886 0.4829 0.4933 0.4937 0.4915 0.4955 0.4917 0.485 0.4924 0.4919 0.4879 0.4866 0.492 0.4892; 0.4985 0.0 0.4945 0.4973 0.5031 0.489 0.4939 0.4938 0.4928 0.4852 0.4932 0.49 0.4834 0.4965 0.4947 0.4828 0.4832 0.4887 0.4885 0.4919; 0.491 0.4945 0.0 0.4934 0.4966 0.4935 0.496 0.4951 0.4877 0.5013 0.4907 0.4871 0.4895 0.49 0.4852 0.4977 0.4933 0.4928 0.4974 0.4924; 0.4958 0.4973 0.4934 0.0 0.5038 0.5121 0.4908 0.4975 0.4943 0.4935 0.4865 0.4925 0.4873 0.4874 0.4984 0.4931 0.4939 0.4904 0.4896 0.497; 0.5012 0.5031 0.4966 0.5038 0.0 0.4887 0.492 0.4979 0.4937 0.4897 0.4965 0.4927 0.4923 0.5016 0.4908 0.4803 0.4951 0.4922 0.4986 0.4946; 0.4979 0.489 0.4935 0.5121 0.4887 0.0 0.4925 0.4944 0.4936 0.502 0.4932 0.4946 0.4956 0.4987 0.4931 0.4868 0.4994 0.4949 0.4957 0.4805; 0.4886 0.4939 0.496 0.4908 0.492 0.4925 0.0 0.4887 0.4991 0.4953 0.4939 0.4927 0.4991 0.4892 0.4974 0.4927 0.4985 0.4878 0.4962 0.4876; 0.4829 0.4938 0.4951 0.4975 0.4979 0.4944 0.4887 0.0 0.4956 0.4916 0.4892 0.497 0.501 0.4911 0.5045 0.4896 0.4898 0.4907 0.4929 0.4915; 0.4933 0.4928 0.4877 0.4943 0.4937 0.4936 0.4991 0.4956 0.0 0.5002 0.4988 0.495 0.4948 0.4983 0.4907 0.4848 0.4912 0.4929 0.4861 0.4915; 0.4937 0.4852 0.5013 0.4935 0.4897 0.502 0.4953 0.4916 0.5002 0.0 0.4984 0.4852 0.4858 0.4973 0.4911 0.501 0.4912 0.4843 0.4861 0.4887; 0.4915 0.4932 0.4907 0.4865 0.4965 0.4932 0.4939 0.4892 0.4988 0.4984 0.0 0.4868 0.4998 0.4865 0.4963 0.4982 0.495 0.4889 0.4929 0.4937; 0.4955 0.49 0.4871 0.4925 0.4927 0.4946 0.4927 0.497 0.495 0.4852 0.4868 0.0 0.4942 0.4927 0.4861 0.4904 0.4972 0.4921 0.4901 0.4905; 0.4917 0.4834 0.4895 0.4873 0.4923 0.4956 0.4991 0.501 0.4948 0.4858 0.4998 0.4942 0.0 0.4939 0.4941 0.4922 0.4826 0.4785 0.4893 0.4839; 0.485 0.4965 0.49 0.4874 0.5016 0.4987 0.4892 0.4911 0.4983 0.4973 0.4865 0.4927 0.4939 0.0 0.4942 0.4965 0.4905 0.4958 0.496 0.4892; 0.4924 0.4947 0.4852 0.4984 0.4908 0.4931 0.4974 0.5045 0.4907 0.4911 0.4963 0.4861 0.4941 0.4942 0.0 0.4977 0.4861 0.4926 0.4934 0.493; 0.4919 0.4828 0.4977 0.4931 0.4803 0.4868 0.4927 0.4896 0.4848 0.501 0.4982 0.4904 0.4922 0.4965 0.4977 0.0 0.4938 0.4843 0.4867 0.4879; 0.4879 0.4832 0.4933 0.4939 0.4951 0.4994 0.4985 0.4898 0.4912 0.4912 0.495 0.4972 0.4826 0.4905 0.4861 0.4938 0.0 0.4901 0.4929 0.4909; 0.4866 0.4887 0.4928 0.4904 0.4922 0.4949 0.4878 0.4907 0.4929 0.4843 0.4889 0.4921 0.4785 0.4958 0.4926 0.4843 0.4901 0.0 0.4816 0.4934; 0.492 0.4885 0.4974 0.4896 0.4986 0.4957 0.4962 0.4929 0.4861 0.4861 0.4929 0.4901 0.4893 0.496 0.4934 0.4867 0.4929 0.4816 0.0 0.4854; 0.4892 0.4919 0.4924 0.497 0.4946 0.4805 0.4876 0.4915 0.4915 0.4887 0.4937 0.4905 0.4839 0.4892 0.493 0.4879 0.4909 0.4934 0.4854 0.0]\n",
    "c = hcat([[0.5 for i in 1:20] for i in 1:20]...)\n",
    "\n",
    "heatmap(a, title=\"Target Grantham distances\", clims=(0.0,1.0), dpi = 300)\n",
    "savefig(\"../thesis/Fig/granttarget.png\")\n",
    "\n",
    "heatmap(b, title=\"Achieved Grantham distances\", clims=(0.0,1.0), dpi = 300)\n",
    "savefig(\"../thesis/Fig/grantachieved.png\")\n",
    "\n",
    "heatmap(c, title=\"Starting similarities\", clims=(0.0,1.0), dpi = 300)\n",
    "savefig(\"../thesis/Fig/random.png\")"
   ]
  },
  {
   "cell_type": "code",
   "execution_count": 14,
   "metadata": {},
   "outputs": [
    {
     "data": {
      "text/plain": [
       "20×20 Matrix{Float64}:\n",
       " 0.0       0.906977  0.586047  0.497674  …  0.297674   0.688372  0.52093\n",
       " 0.906977  0.0       0.716279  0.790698     0.893023   1.0       0.902326\n",
       " 0.586047  0.716279  0.0       0.209302     0.706977   0.84186   0.744186\n",
       " 0.497674  0.790698  0.209302  0.0          0.562791   0.706977  0.567442\n",
       " 0.525581  0.953488  0.823256  0.651163     0.232558   0.186047  0.102326\n",
       " 0.27907   0.739535  0.437209  0.455814  …  0.506977   0.855814  0.683721\n",
       " 0.4       0.809302  0.376744  0.186047     0.390698   0.534884  0.386047\n",
       " 0.437209  0.92093   0.781395  0.623256     0.134884   0.283721  0.153488\n",
       " 0.493023  0.939535  0.469767  0.260465     0.451163   0.511628  0.395349\n",
       " 0.446512  0.92093   0.8       0.64186      0.148837   0.283721  0.167442\n",
       " 0.390698  0.911628  0.744186  0.586047  …  0.0976744  0.311628  0.167442\n",
       " 0.516279  0.646512  0.106977  0.195349     0.618605   0.809302  0.665116\n",
       " 0.125581  0.786047  0.502326  0.432558     0.316279   0.683721  0.511628\n",
       " 0.423256  0.716279  0.283721  0.134884     0.446512   0.604651  0.460465\n",
       " 0.52093   0.837209  0.446512  0.251163     0.446512   0.469767  0.35814\n",
       " 0.460465  0.52093   0.302326  0.372093  …  0.576744   0.823256  0.669767\n",
       " 0.269767  0.693023  0.395349  0.302326     0.32093    0.595349  0.427907\n",
       " 0.297674  0.893023  0.706977  0.562791     0.0        0.409302  0.255814\n",
       " 0.688372  1.0       0.84186   0.706977     0.409302   0.0       0.172093\n",
       " 0.52093   0.902326  0.744186  0.567442     0.255814   0.172093  0.0"
      ]
     },
     "metadata": {},
     "output_type": "display_data"
    }
   ],
   "source": [
    "AA_list = ['A','C','D','E','F','G','H','I','K','L','M','N','P','Q','R','S','T','V','W','Y']\n",
    "\n",
    "simmat = copy(GRANTHAM1974)\n",
    "simmatblo = copy(BLOSUM62)\n",
    "\n",
    "grantham = [[simmat[i, j] for i in AA_list] for j in AA_list]\n",
    "grantham = hcat(grantham...)\n",
    "\n",
    "blosum = [[simmatblo[i, j] for i in AA_list] for j in AA_list]\n",
    "blosum = hcat(blosum...)\n",
    "\n",
    "function norm_mat(matrix, zero=false)\n",
    "    if zero == true\n",
    "        min_value = 0\n",
    "    else \n",
    "        min_value = minimum(matrix)\n",
    "    end\n",
    "    \n",
    "    max_value = maximum(matrix)\n",
    "\n",
    "    normalized_matrix = (matrix .- min_value) ./ (max_value - min_value)\n",
    "    return normalized_matrix\n",
    "end\n",
    "\n",
    "norm_blosum = broadcast(abs, norm_mat(blosum) .-1)\n",
    "setindex!.(Ref(norm_blosum), 0.0, 1:20, 1:20)\n",
    "norm_grant = norm_mat(grantham, true)"
   ]
  },
  {
   "cell_type": "code",
   "execution_count": 15,
   "metadata": {},
   "outputs": [
    {
     "data": {
      "text/plain": [
       "20×20 Matrix{Float64}:\n",
       " 0.0       0.733333  0.866667  0.8       …  0.733333  0.933333  0.866667\n",
       " 0.733333  0.0       0.933333  1.0          0.8       0.866667  0.866667\n",
       " 0.866667  0.933333  0.0       0.6          0.933333  1.0       0.933333\n",
       " 0.8       1.0       0.6       0.0          0.866667  0.933333  0.866667\n",
       " 0.866667  0.866667  0.933333  0.933333     0.8       0.666667  0.533333\n",
       " 0.733333  0.933333  0.8       0.866667  …  0.933333  0.866667  0.933333\n",
       " 0.866667  0.933333  0.8       0.733333     0.933333  0.866667  0.6\n",
       " 0.8       0.8       0.933333  0.933333     0.533333  0.933333  0.8\n",
       " 0.8       0.933333  0.8       0.666667     0.866667  0.933333  0.866667\n",
       " 0.8       0.8       1.0       0.933333     0.666667  0.866667  0.8\n",
       " 0.8       0.8       0.933333  0.866667  …  0.666667  0.8       0.8\n",
       " 0.866667  0.933333  0.666667  0.733333     0.933333  1.0       0.866667\n",
       " 0.8       0.933333  0.8       0.8          0.866667  1.0       0.933333\n",
       " 0.8       0.933333  0.733333  0.6          0.866667  0.866667  0.8\n",
       " 0.8       0.933333  0.866667  0.733333     0.933333  0.933333  0.866667\n",
       " 0.666667  0.8       0.733333  0.733333  …  0.866667  0.933333  0.866667\n",
       " 0.733333  0.8       0.8       0.8          0.733333  0.866667  0.866667\n",
       " 0.733333  0.8       0.933333  0.866667     0.0       0.933333  0.8\n",
       " 0.933333  0.866667  1.0       0.933333     0.933333  0.0       0.6\n",
       " 0.866667  0.866667  0.933333  0.866667     0.8       0.6       0.0"
      ]
     },
     "metadata": {},
     "output_type": "display_data"
    }
   ],
   "source": [
    "norm_blosum"
   ]
  }
 ],
 "metadata": {
  "kernelspec": {
   "display_name": "Julia 1.8.5",
   "language": "julia",
   "name": "julia-1.8"
  },
  "language_info": {
   "file_extension": ".jl",
   "mimetype": "application/julia",
   "name": "julia",
   "version": "1.8.5"
  },
  "orig_nbformat": 4
 },
 "nbformat": 4,
 "nbformat_minor": 2
}
